0.0 666.1080993352356 281.1138559374119 395.60080889704966 291.20439557122074 326.266762021509 640.8002808988149 426.8782027698299 600.1874707122766 561.4712815451918 1040.9731024382907 655.0190836914601 975.0 1120.7698247187066 299.0401310861136 260.0480724789169 429.53463189829057 161.55494421403512 305.0 210.05951537600004 286.9233347080715 46.09772228646444 181.1767093199344 274.5906043549196 410.03048667141815 728.9718787443038 798.5142453331688 707.0007072132248 406.2634613154375 360.06943774777665 146.37281168304446 90.55385138137417 827.3149339882606 135.09256086106296 121.6552506059644 125.0 207.9663434308542 240.41630560342617 166.20770138594662 208.92582415776178 395.37956446938426 565.795899596312 463.8156961552724 154.434452114805 240.20824298928628 279.8660393831306 791.2806076228584 267.30132809247317 64.03124237432849 217.0829334609241 789.3826701923472 1220.4609784831305 
666.1080993352356 0.0 649.3265742290239 1047.091209016674 945.1454914456292 978.084863393765 45.0 956.1511386804913 1134.9559462816167 1132.9827889248804 1638.7876616572387 1258.5904814513735 1440.0781228808387 1515.7258987033242 957.8230525519837 724.0338389882064 494.77267507411926 595.4829972383762 843.4008536870235 564.468776815866 392.4601890638081 636.4157446198201 509.82840250421515 921.7917335276987 1028.846441409018 1191.5116449284078 1301.508739886137 1243.7242459645145 635.0196847342609 390.4484601070927 541.2254613375095 730.0 1488.7074930959407 782.0805585104389 776.9813382572326 785.0 857.7004138975334 896.9392398596462 827.9643712141242 869.7413408594534 896.1724164467461 102.59142264341595 1123.710371937538 744.8825410761082 823.2860985101108 859.0838143045182 1151.271036724194 910.3021476411005 728.0109889280518 596.2591718372138 1421.5572447144011 1716.049241717731 
281.1138559374119 649.3265742290239 0.0 603.5105632878351 508.9449872039217 542.5172808307584 610.5735008989499 308.05843601498725 485.64390246352315 487.2627627882106 1266.6885963013956 891.3613184337763 1247.7579893553077 1399.7321172281502 504.8762224545735 537.4011537017761 217.3131381210073 134.6291201783626 207.0024154448445 440.9648512069868 288.5307609250702 240.52026941611388 361.178626167164 505.69259436934607 652.533524043018 1005.9448295011014 1067.6375789564547 970.3221114660843 651.2488003827723 504.2072986381693 208.92582415776178 245.20399670478457 903.3963692643446 393.605132080363 373.6642878306676 367.6955262170047 447.4650824366076 462.0876540224809 392.23717314910374 426.8782027698299 246.9817807045694 550.0909015790027 556.5968020030299 434.1946568072896 219.82947936980608 552.675311552814 1072.3105893350116 504.801941359183 288.4874347350331 463.24939287601876 995.3140207994661 1483.5936101237428 
395.60080889704966 1047.091209016674 603.5105632878351 0.0 104.4030650891055 69.6419413859206 1026.364944841746 525.0 611.0032733136542 533.9007398384085 663.1930337390464 294.3637205907005 711.0731326663946 897.008918573277 100.12492197250393 384.2199890687625 800.2499609497023 532.3532661682466 474.68410548490033 500.62460986251966 681.4873439763941 436.6062299143245 537.7034498680476 125.29964086141668 109.20164833920778 516.2363799656123 526.806416058119 417.43262929483603 579.8706752371601 689.5288246331694 540.8558033339385 370.5401462729781 517.3490117899134 266.5520587052368 275.13632984395207 270.60118255469615 190.3943276465977 155.24174696260025 230.4886114323222 188.2817038376273 544.5410911951457 950.3288904374107 245.20399670478457 307.001628660175 411.0960958218893 230.70543990118657 659.5642500924379 137.2953021774598 345.2535300326414 477.62432936357 397.0201506221063 908.6390922693124 
291.20439557122074 945.1454914456292 508.9449872039217 104.4030650891055 0.0 35.35533905932738 923.5935253129485 470.5581791872287 583.6308764964376 513.4685968976097 760.8054941967756 382.4264635194589 769.041611357929 944.3119188064927 25.0 309.23292192132453 700.0714249274855 430.4648650006177 400.7804885470349 406.6017707782395 577.1698190307598 332.4530041975858 436.83520920365385 31.622776601683793 150.08331019803634 552.268050859363 584.1446738608511 478.5916840063145 509.7548430373173 594.3483826847685 436.6062299143245 270.1851217221259 589.9576255969577 163.24827717314508 170.88007490635061 166.20770138594662 87.46427842267951 50.99019513592785 126.58988901172162 85.14693182963201 479.5049530505394 847.6585397434512 266.6927070618917 212.24985276791125 331.2099032335839 170.66048165876012 673.5911222692888 47.43416490252569 241.8677324489565 386.6846260197061 499.9249943741561 984.4414660100416 
326.266762021509 978.084863393765 542.5172808307584 69.6419413859206 35.35533905932738 0.0 957.0397065952907 491.553659329274 596.007550287746 523.2590180780452 726.102609828666 349.28498393145964 744.194195086202 922.7811224770477 40.311288741492746 328.8236609491476 735.0170066059696 465.67155807500205 427.93106921559223 435.22982434571276 611.9027700541974 367.7295201639379 469.0682253148256 57.0087712549569 124.19742348374221 533.3385416412356 559.128786595718 452.21676218380054 528.0151512977634 623.698645180507 471.8315377335432 305.04098085339285 568.242905807015 196.9771560359221 205.54804791094466 201.30822139197394 120.83045973594572 86.31338250816034 161.94134740701648 120.41594578792295 504.0089284923433 881.036321612225 260.0480724789169 240.8318915758459 360.06943774777665 182.00274723201295 661.9101147436863 70.71067811865476 277.2183255125822 413.7934267240116 464.5696933722647 954.8952822168512 
640.8002808988149 45.0 610.5735008989499 1026.364944841746 923.5935253129485 957.0397065952907 0.0 918.0958555619343 1095.9242674564698 1095.7303500405562 1627.4212730574711 1245.2007870219163 1440.3124660989365 1521.7259937321173 935.3608929178085 713.8627319029898 451.2482686947397 562.2499444197393 807.0006195784487 551.7698795693726 361.7319449537185 609.1387362497971 491.1720676097125 901.1797822854217 1012.4228365658294 1190.094534060215 1297.7865772152215 1236.7396654106312 636.9654621720082 385.5191305240247 511.5173506343651 701.2310603502957 1459.6318028872897 760.3453162872775 754.204879326566 761.5773105863908 836.3163277133838 874.7142390518175 804.3941819779653 846.5370635713477 857.5546629807338 76.15773105863909 1094.805918873295 726.9972489631581 789.3826701923472 844.4228798416111 1156.8275584545866 890.1825655448438 701.7300050589258 584.6366392897387 1405.0800688928728 1715.0655964131518 
426.8782027698299 956.1511386804913 308.05843601498725 525.0 470.5581791872287 491.553659329274 918.0958555619343 0.0 183.43936327844142 180.34688796871433 1144.9017425089369 812.0498753155498 1234.3419299367579 1414.2312399321406 452.54833995939043 660.9841147864297 506.5816814690401 381.21516234273787 125.89678312014172 635.963835449784 580.387801388003 415.03011938894264 586.7282164682384 486.5439342957633 615.5485358604957 1022.8025224841792 1049.4045930907678 941.0765112359356 831.0385069297331 758.7654446533527 457.21985958617324 338.71079108879894 645.155020130821 455.0 435.4595273960601 421.54477816715985 460.5702986515739 446.0100895719737 413.82363393117123 421.57442996462675 64.03124237432849 855.8621384311845 359.02646142032484 529.7405025104273 187.41664813991312 598.5398900658167 1135.8917201916738 495.1009997970111 383.43839140075687 643.8167441127949 860.1453365565612 1430.4719500919966 
600.1874707122766 1134.9559462816167 485.64390246352315 611.0032733136542 583.6308764964376 596.007550287746 1095.9242674564698 183.43936327844142 0.0 83.21658488546619 1165.6114275349225 873.8563955250313 1316.7573808412847 1507.1164520368027 561.4712815451918 817.9547664755063 670.3170891451299 564.6459067415614 308.05843601498725 810.246875958186 763.2168761236874 593.0430001273095 766.550715869472 606.2384019509157 714.177848998413 1126.110562955521 1134.5483682946267 1024.4632741099117 998.2108995598074 940.4918925753693 640.3124237432849 510.02450921499843 570.1973342624464 606.9802303205599 589.4276885250641 574.6738205277843 596.0914359391519 571.9484242482009 557.8530272392542 555.0 239.26972228010797 1035.5916183515585 389.9358921669048 685.5836929215864 360.86701151532264 733.8937252763509 1257.060062208644 617.8389757857625 550.567888638631 815.1380251221261 883.2326986700617 1486.7750334196496 
561.4712815451918 1132.9827889248804 487.2627627882106 533.9007398384085 513.4685968976097 523.2590180780452 1095.7303500405562 180.34688796871433 83.21658488546619 0.0 1082.64721862664 792.085853932514 1236.577939314785 1428.2944374322824 490.43348172815445 763.6916917185888 686.476510887299 547.9507277118993 290.90376415577714 770.275924588066 751.4818693754361 560.290103428572 734.9319696407281 537.8196723809942 638.8466169590318 1049.976190206235 1055.0473923004597 944.9338601193207 950.0526301210897 912.1403400793104 619.293952820468 471.00955404322747 500.89919145472777 552.268050859363 536.1436374704077 521.1765535785354 533.6665625650534 506.2114182829147 499.9249943741561 492.44289008980525 243.97745797511703 1031.952033769012 307.77426793024785 631.9810123729984 329.013677527242 669.6454285664914 1185.1687643538367 550.2726596879041 507.0009861923347 771.961786619001 800.0781211856752 1404.0388171272189 
1040.9731024382907 1638.7876616572387 1266.6885963013956 663.1930337390464 760.8054941967756 726.102609828666 1627.4212730574711 1144.9017425089369 1165.6114275349225 1082.64721862664 0.0 387.07234465923807 442.7188724235731 619.5562928419015 762.3647421018367 914.8223871331528 1460.6933285258751 1190.094534060215 1124.2997820866105 1075.6625865019198 1314.1727435919527 1085.5643693489576 1143.5252511422736 770.0162335951106 631.2685640834652 541.040663906143 417.43262929483603 417.6421913552317 1042.4130659196478 1250.9696239317723 1186.7813614984018 1030.9825410742899 706.1338400048535 905.883546599672 920.3396112305501 920.0543462209175 835.0598780925833 810.38571063414 885.1271095159158 845.5323766716447 1180.0423721205946 1552.3208431249 789.2401408950257 912.9211356957402 1067.9536506796537 786.6701977321882 705.1595564125895 775.064513443881 1000.0124999218759 1042.928568982555 285.0438562747845 398.55990766759265 
655.0190836914601 1258.5904814513735 891.3613184337763 294.3637205907005 382.4264635194589 349.28498393145964 1245.2007870219163 812.0498753155498 873.8563955250313 792.085853932514 387.07234465923807 0.0 452.133829745132 653.2419153728579 388.1043674065006 537.7034498680476 1078.3552290409687 806.8766944211488 768.8465386538461 694.1361537911708 927.1596410543332 700.0178569150933 758.1721440411801 387.62094886628614 245.0 335.0373113550191 283.24018076537095 182.4828759089466 688.1860213634102 874.642784226795 800.3905296791061 650.5766672729663 584.2088667591412 520.0 535.2102390649865 535.8404613315422 450.99889135118724 429.94185653411324 503.0159043211258 465.29560496527364 836.3163277133838 1169.6260086027498 484.38104834933415 526.1178575186362 705.3013540324448 401.40378672852603 517.4214916294065 391.1521443121589 616.644143732834 662.5896165802782 188.2153022471871 618.5668920981789 
975.0 1440.0781228808387 1247.7579893553077 711.0731326663946 769.041611357929 744.194195086202 1440.3124660989365 1234.3419299367579 1316.7573808412847 1236.577939314785 442.7188724235731 452.133829745132 0.0 205.54804791094466 784.0918313565063 759.2759709091287 1399.5088424157955 1136.540804370877 1169.4656899627282 919.9184746487049 1194.7593900028573 1020.4165815979276 1008.191450072852 759.9506562928938 620.0806399170998 254.01771591761076 185.06755523321746 293.64093720052045 805.2484088776581 1056.184169546202 1103.653025184999 1004.1538726709169 1010.3588471429347 854.1808941904519 874.3140168154689 881.1923740024082 806.9231685854608 804.3164800002546 862.6992523469578 836.376111567039 1248.0785231707177 1371.3132391981053 930.859817588019 821.7207554881403 1098.3282751527431 696.0244248587833 324.4225639501667 755.8604368532593 959.2835868501035 884.5903006477066 539.6758286230726 278.65749586185547 
1120.7698247187066 1515.7258987033242 1399.7321172281502 897.008918573277 944.3119188064927 922.7811224770477 1521.7259937321173 1414.2312399321406 1507.1164520368027 1428.2944374322824 619.5562928419015 653.2419153728579 205.54804791094466 0.0 961.6912186351709 883.8834764831844 1534.21804187019 1280.6736508572353 1340.6341782902598 1034.6496991735899 1313.202193114221 1164.6887996370533 1127.2089424769483 931.3565375300697 799.155804583812 396.01136347332255 374.4329045369811 484.1745553000488 887.4260532573968 1146.483754791144 1238.7897319561541 1160.8725166873407 1215.905012737426 1009.7153064106734 1030.5944886326533 1039.25454052412 971.4036236292307 974.5896572404204 1026.157882589224 1004.4525872334642 1423.0425151765494 1457.4807031312628 1125.27774349269 966.3979511567685 1267.5665662993797 848.7638069569177 364.9657518178932 925.2161909521471 1113.5640978408023 1000.1249921884764 744.6475676452586 318.90437438203946 
299.0401310861136 957.8230525519837 504.8762224545735 100.12492197250393 25.0 40.311288741492746 935.3608929178085 452.54833995939043 561.4712815451918 490.43348172815445 762.3647421018367 388.1043674065006 784.0918313565063 961.6912186351709 0.0 332.41540277189324 700.1606958406048 432.3482392701513 387.62094886628614 424.7940677551889 585.8754133772811 338.60005906674024 451.0543204537564 55.90169943749474 164.01219466856725 571.0735504293646 599.0409001061614 492.36673323854853 533.127564472144 611.657583947097 443.00112866673373 270.4163456597992 568.7046685231272 176.13914953808538 181.1767093199344 174.64249196572982 102.59142264341595 61.032778078668514 132.85330255586422 90.13878188659973 464.0043103248072 859.5929269136642 241.8677324489565 231.1384866265244 319.88279103446627 195.57607215607945 695.5932719628619 71.58910531638176 246.22144504490262 406.07881008493905 497.04124577342674 995.1130589033589 
260.0480724789169 724.0338389882064 537.4011537017761 384.2199890687625 309.23292192132453 328.8236609491476 713.8627319029898 660.9841147864297 817.9547664755063 763.6916917185888 914.8223871331528 537.7034498680476 759.2759709091287 883.8834764831844 332.41540277189324 0.0 650.7111494357539 407.82962128810607 548.8624600025037 165.07574019219177 435.4882317583335 297.06901555025894 249.09837414162303 277.71388153997634 326.49655434629017 505.69259436934607 597.5366097570926 525.8564442887431 200.81085628023203 337.08307581366347 356.72117963473937 330.94561486745823 897.0646576473738 211.482859825566 228.52789764052878 243.3105012119288 244.1823089414956 283.7692724732542 265.04716561397146 282.17902119044925 640.7807737440318 639.5310782127792 570.087712549569 132.38202294873727 476.366455578056 155.72411502397438 539.4905003797564 261.9637379485947 281.82441342083905 130.38404810405297 710.105625945887 1022.6680790950699 
429.53463189829057 494.77267507411926 217.3131381210073 800.2499609497023 700.0714249274855 735.0170066059696 451.2482686947397 506.5816814690401 670.3170891451299 686.476510887299 1460.6933285258751 1078.3552290409687 1399.5088424157955 1534.21804187019 700.1606958406048 650.7111494357539 0.0 271.6615541441225 421.0997506529777 512.0790954530364 253.03161857759991 383.43839140075687 418.0011961705373 691.158447825099 834.3410573620358 1149.4781424629177 1226.0199835239227 1136.3318177363512 707.4249076757193 492.3921201644072 296.1840643923977 430.0 1120.2901409902704 561.4712815451918 544.5181356024792 542.7936993002038 627.4153329334564 650.3076195155644 575.7820768311567 615.1828996322963 442.6341604530766 408.0747480548141 773.2561024654121 579.0077719685635 436.5775990588615 708.2548976180822 1187.6973520219703 687.2044819411468 461.7358552246078 543.6221113972463 1196.505328028254 1649.37109226517 
161.55494421403512 595.4829972383762 134.6291201783626 532.3532661682466 430.4648650006177 465.67155807500205 562.2499444197393 381.21516234273787 564.6459067415614 547.9507277118993 1190.094534060215 806.8766944211488 1136.540804370877 1280.6736508572353 432.3482392701513 407.82962128810607 271.6615541441225 0.0 258.11818998280614 306.4718584144391 205.24375751773792 116.29703349613007 229.40139493908924 420.11903075200007 562.6944108483751 890.0 959.9088498394001 867.438758645243 516.768807108169 385.0324661635691 80.15609770940699 162.78820596099706 903.2441530394758 290.25850547399983 272.9468812791236 271.15493725912495 355.8791929854849 380.13155617496426 305.0 345.3259329966401 330.49205739321485 492.97565862829373 541.1330705103875 315.35694062442957 228.0350850198276 441.27655727446023 946.0047568590762 415.7523301197481 190.26297590440447 328.6715685908959 929.3680648698878 1381.2041847605299 
305.0 843.4008536870235 207.0024154448445 474.68410548490033 400.7804885470349 427.93106921559223 807.0006195784487 125.89678312014172 308.05843601498725 290.90376415577714 1124.2997820866105 768.8465386538461 1169.4656899627282 1340.6341782902598 387.62094886628614 548.8624600025037 421.0997506529777 258.11818998280614 0.0 512.4451190127583 460.65171225124084 290.17236257093816 460.9772228646444 410.03048667141815 550.6813960903346 945.4760705591655 984.7334664770971 879.3321329281672 711.0028129339573 632.9494450586081 332.41540277189324 219.82947936980608 700.5890378816956 350.891721190455 330.1893396219811 317.56889016400834 371.24789561693143 366.23080154459973 318.90437438203946 336.34060117684277 91.92388155425118 741.923176616016 367.76351096866586 420.38672671719786 75.0 504.47993022517755 1044.8444860360798 415.4816482108446 267.44158240632663 521.9674319342156 843.4453153583818 1381.9551367537226 
210.05951537600004 564.468776815866 440.9648512069868 500.62460986251966 406.6017707782395 435.22982434571276 551.7698795693726 635.963835449784 810.246875958186 770.275924588066 1075.6625865019198 694.1361537911708 919.9184746487049 1034.6496991735899 424.7940677551889 165.07574019219177 512.0790954530364 306.4718584144391 512.4451190127583 0.0 278.5677655436824 223.60679774997897 94.33981132056604 378.4507894033252 467.38634982207174 665.9016443890193 761.6429609731846 690.8871108943921 210.2974084481309 189.01058171435798 236.00847442411893 300.3747659175118 990.0126261821109 256.56383221335 261.7728022541685 275.04545078950133 322.6840560052511 365.54753452868476 313.8470965295043 348.1738071710737 601.0407640085654 476.7074574621211 638.1614215854794 194.48650338776724 450.0277769204919 295.4657340538831 679.7793759742935 364.58880948268285 263.86549603917524 35.35533905932738 859.0692637965811 1186.086000254619 
286.9233347080715 392.4601890638081 288.5307609250702 681.4873439763941 577.1698190307598 611.9027700541974 361.7319449537185 580.387801388003 763.2168761236874 751.4818693754361 1314.1727435919527 927.1596410543332 1194.7593900028573 1313.202193114221 585.8754133772811 435.4882317583335 253.03161857759991 205.24375751773792 460.65171225124084 278.5677655436824 0.0 250.59928172283335 186.81541692269406 558.4129296497351 684.7262226612911 941.0765112359356 1030.970416646375 952.2210877732125 459.156835950419 241.50569351466643 150.0 340.03676271838606 1097.9640249115632 416.20307543313515 406.3557554655772 411.40004861448426 491.85871955267805 526.7114959823831 453.10043036836765 495.8074222921638 525.0238089839355 289.9137802864845 733.2462069455253 401.52833025827704 433.0415684434925 530.3772242470448 957.5489543621255 549.4770240874499 344.41980198589044 313.12936623702353 1072.0074626605917 1456.7086187704115 
46.09772228646444 636.4157446198201 240.52026941611388 436.6062299143245 332.4530041975858 367.7295201639379 609.1387362497971 415.03011938894264 593.0430001273095 560.290103428572 1085.5643693489576 700.0178569150933 1020.4165815979276 1164.6887996370533 338.60005906674024 297.06901555025894 383.43839140075687 116.29703349613007 290.17236257093816 223.60679774997897 250.59928172283335 0.0 174.64249196572982 317.52952618614853 455.02747169813824 773.7086014773262 844.3340571124678 753.077021293307 428.51487722131657 352.59750424527965 104.4030650891055 97.082439194738 852.9507605952409 180.06943105369106 165.3027525481654 166.88319268278636 251.24689052802225 281.4693589007514 206.15528128088303 248.64633518312712 377.69034936042516 535.0233639758175 488.1085944746312 199.06029237394384 232.64780248263682 325.7299494980466 832.4061508662703 311.0064308016797 93.94147114027967 237.17082451262846 831.8653737234168 1266.491215919005 
181.1767093199344 509.82840250421515 361.178626167164 537.7034498680476 436.83520920365385 469.0682253148256 491.1720676097125 586.7282164682384 766.550715869472 734.9319696407281 1143.5252511422736 758.1721440411801 1008.191450072852 1127.2089424769483 451.0543204537564 249.09837414162303 418.0011961705373 229.40139493908924 460.9772228646444 94.33981132056604 186.81541692269406 174.64249196572982 0.0 412.4621194728069 521.7758139277826 754.4037380607283 845.931439302264 770.1460900374682 296.0152023123137 179.2344832893492 152.31546211727817 267.44158240632663 1001.960578066822 275.0 272.8094573140748 282.93108701590216 349.4638751001311 390.03204996512784 325.5764119219941 365.54753452868476 545.0229352972221 415.03011938894264 641.1318117204917 235.8495283014151 406.97051490249265 356.9313659514949 773.6924453553879 400.65571255131255 244.38698819699874 127.47548783981962 914.166286842826 1271.416532848303 
274.5906043549196 921.7917335276987 505.69259436934607 125.29964086141668 31.622776601683793 57.0087712549569 901.1797822854217 486.5439342957633 606.2384019509157 537.8196723809942 770.0162335951106 387.62094886628614 759.9506562928938 931.3565375300697 55.90169943749474 277.71388153997634 691.158447825099 420.11903075200007 410.03048667141815 378.4507894033252 558.4129296497351 317.52952618614853 412.4621194728069 0.0 147.05441169852742 537.4011537017761 575.6083738098326 472.0699100768868 478.17360864020924 566.7892024377317 420.86221023037933 263.0589287593181 620.8461967347469 142.30249470757707 152.97058540778355 150.74813431681335 66.70832032063167 44.721359549995796 115.43396380615195 79.05694150420949 491.7570538385799 825.1212032180484 297.6995129320839 183.98369492974098 338.3784863137726 140.089257261219 652.5526798657714 15.811388300841896 230.0 357.5262228144951 514.8057886232439 981.5421539597777 
410.03048667141815 1028.846441409018 652.533524043018 109.20164833920778 150.08331019803634 124.19742348374221 1012.4228365658294 615.5485358604957 714.177848998413 638.8466169590318 631.2685640834652 245.0 620.0806399170998 799.155804583812 164.01219466856725 326.49655434629017 834.3410573620358 562.6944108483751 550.6813960903346 467.38634982207174 684.7262226612911 455.02747169813824 521.7758139277826 147.05441169852742 0.0 412.09828924663105 435.0287346831241 328.6715685908959 509.1414341811124 654.31261641512 555.562777730834 408.93153461184676 605.8258825768341 275.0 290.38767191463205 291.547594742265 207.18349355100662 191.3765920900464 260.86394921491166 226.10838109190027 628.0127387243033 936.37599285757 354.400902933387 286.40006983239374 481.27435003332556 173.34935823359717 550.6813960903346 148.07092894960846 372.7264412407577 439.089968002003 392.7467377331096 835.1347196710241 
728.9718787443038 1191.5116449284078 1005.9448295011014 516.2363799656123 552.268050859363 533.3385416412356 1190.094534060215 1022.8025224841792 1126.110562955521 1049.976190206235 541.040663906143 335.0373113550191 254.01771591761076 396.01136347332255 571.0735504293646 505.69259436934607 1149.4781424629177 890.0 945.4760705591655 665.9016443890193 941.0765112359356 773.7086014773262 754.4037380607283 537.4011537017761 412.09828924663105 0.0 126.19429464123962 158.90248582070703 558.7933428379404 805.0155278005512 853.3024082938006 765.5063683601855 917.3058377662272 614.3695956018657 635.1377803280167 643.5254462723288 575.5432216610669 580.0 630.1785461280001 609.1387362497971 1028.992225432243 1120.100441924741 755.7942841805566 574.6738205277843 872.066511224918 453.67940222143653 185.53975315279473 530.5186141880415 718.679344353238 630.5751343020116 496.0090724976711 525.0 
798.5142453331688 1301.508739886137 1067.6375789564547 526.806416058119 584.1446738608511 559.128786595718 1297.7865772152215 1049.4045930907678 1134.5483682946267 1055.0473923004597 417.43262929483603 283.24018076537095 185.06755523321746 374.4329045369811 599.0409001061614 597.5366097570926 1226.0199835239227 959.9088498394001 984.7334664770971 761.6429609731846 1030.970416646375 844.3340571124678 845.931439302264 575.6083738098326 435.0287346831241 126.19429464123962 0.0 110.11357772772621 673.6653471865686 912.318475095183 931.4504817756015 823.1190679361036 861.9309717140926 674.258852370512 693.9920748827035 700.1785486574121 624.1193796061776 620.1007982578317 680.0 652.5526798657714 1063.0380990350252 1226.234072271685 751.0326224605693 647.0123646422841 913.9064503547395 518.6520991955975 291.547594742265 571.9484242482009 779.310592767736 726.3952092353032 410.48751503547584 425.7933771208754 
707.0007072132248 1243.7242459645145 970.3221114660843 417.43262929483603 478.5916840063145 452.21676218380054 1236.7396654106312 941.0765112359356 1024.4632741099117 944.9338601193207 417.6421913552317 182.4828759089466 293.64093720052045 484.1745553000488 492.36673323854853 525.8564442887431 1136.3318177363512 867.438758645243 879.3321329281672 690.8871108943921 952.2210877732125 753.077021293307 770.1460900374682 472.0699100768868 328.6715685908959 158.90248582070703 110.11357772772621 0.0 629.6824596572466 853.2877591996735 844.3488615495374 725.1551558114994 766.550715869472 578.7054518492115 597.7039400907443 602.7644647787392 523.9274758971894 516.768807108169 579.7628825649327 550.0909015790027 956.1511386804913 1163.4539097016263 641.1123146532127 559.0169943749474 809.4751385929032 428.51487722131657 344.41980198589044 469.5742752749558 683.117852204142 656.2202374203343 337.23137457834497 513.9309292113095 
406.2634613154375 635.0196847342609 651.2488003827723 579.8706752371601 509.7548430373173 528.0151512977634 636.9654621720082 831.0385069297331 998.2108995598074 950.0526301210897 1042.4130659196478 688.1860213634102 805.2484088776581 887.4260532573968 533.127564472144 200.81085628023203 707.4249076757193 516.768807108169 711.0028129339573 210.2974084481309 459.156835950419 428.51487722131657 296.0152023123137 478.17360864020924 509.1414341811124 558.7933428379404 673.6653471865686 629.6824596572466 0.0 259.61509971494337 445.2246623896749 492.3921201644072 1095.673308974897 401.9950248448356 415.7523301197481 430.7261310856354 443.8468204234429 484.2003717470692 458.93899376714546 480.52055106935853 801.6389461596785 570.6356105256664 770.6004152607238 322.49030993194197 643.622560201241 349.17760523836574 522.8049349422785 462.3851208678757 448.3859944289072 191.3765920900464 871.4499411899687 1081.9542504191202 
360.06943774777665 390.4484601070927 504.2072986381693 689.5288246331694 594.3483826847685 623.698645180507 385.5191305240247 758.7654446533527 940.4918925753693 912.1403400793104 1250.9696239317723 874.642784226795 1056.184169546202 1146.483754791144 611.657583947097 337.08307581366347 492.3921201644072 385.0324661635691 632.9494450586081 189.01058171435798 241.50569351466643 352.59750424527965 179.2344832893492 566.7892024377317 654.31261641512 805.0155278005512 912.318475095183 853.2877591996735 259.61509971494337 0.0 305.16389039334257 446.59825346725216 1172.9023829799307 439.31765272977594 441.1915683691156 453.01765969992823 509.11688245431424 551.5886148208644 494.2924235713107 531.5072906367325 712.9691437923524 315.15869018638847 815.5519603311612 382.88379438153294 583.3095233235953 481.27435003332556 782.1924315665551 553.1726674375732 422.6700841081611 215.23243250030885 1044.2820500228854 1330.0093984630334 
146.37281168304446 541.2254613375095 208.92582415776178 540.8558033339385 436.6062299143245 471.8315377335432 511.5173506343651 457.21985958617324 640.3124237432849 619.293952820468 1186.7813614984018 800.3905296791061 1103.653025184999 1238.7897319561541 443.00112866673373 356.72117963473937 296.1840643923977 80.15609770940699 332.41540277189324 236.00847442411893 150.0 104.4030650891055 152.31546211727817 420.86221023037933 555.562777730834 853.3024082938006 931.4504817756015 844.3488615495374 445.2246623896749 305.16389039334257 0.0 190.06577808748213 948.1165540164353 281.1138559374119 268.00186566514793 270.64737205448716 354.29507476113747 385.64880396547323 310.4834939252005 353.02266216207704 408.71750635371615 438.91912694709487 583.3095233235953 285.3506614676055 292.95904150580503 415.9326868617084 895.8794561770015 413.67257583746107 197.80040444852483 262.01145013147806 935.5746896961247 1355.912976558599 
90.55385138137417 730.0 245.20399670478457 370.5401462729781 270.1851217221259 305.04098085339285 701.2310603502957 338.71079108879894 510.02450921499843 471.00955404322747 1030.9825410742899 650.5766672729663 1004.1538726709169 1160.8725166873407 270.4163456597992 330.94561486745823 430.0 162.78820596099706 219.82947936980608 300.3747659175118 340.03676271838606 97.082439194738 267.44158240632663 263.0589287593181 408.93153461184676 765.5063683601855 823.1190679361036 725.1551558114994 492.3921201644072 446.59825346725216 190.06577808748213 0.0 758.71602065595 151.16216457830973 130.38404810405297 122.98373876248843 202.6079958935481 220.90722034374522 148.07092894960846 185.60711193270586 311.4883625434504 628.0326424637497 393.7321424522006 207.0024154448445 151.32745950421557 312.1297807002722 845.0 260.86394921491166 50.0 305.6550343115585 767.3493337457197 1238.3961401748634 
827.3149339882606 1488.7074930959407 903.3963692643446 517.3490117899134 589.9576255969577 568.242905807015 1459.6318028872897 645.155020130821 570.1973342624464 500.89919145472777 706.1338400048535 584.2088667591412 1010.3588471429347 1215.905012737426 568.7046685231272 897.0646576473738 1120.2901409902704 903.2441530394758 700.5890378816956 990.0126261821109 1097.9640249115632 852.9507605952409 1001.960578066822 620.8461967347469 605.8258825768341 917.3058377662272 861.9309717140926 766.550715869472 1095.673308974897 1172.9023829799307 948.1165540164353 758.71602065595 0.0 734.0980860893181 731.7444909256236 720.2256590819297 668.5057965343308 625.4998001598402 678.6199230791858 642.0280367709809 704.0063920164362 1386.731769305081 365.0 798.8116173416608 687.7863040218233 747.010709427917 1095.1826331712898 636.3175307973213 763.7080594049012 973.6657537368766 474.68410548490033 1088.7263200639543 
135.09256086106296 782.0805585104389 393.605132080363 266.5520587052368 163.24827717314508 196.9771560359221 760.3453162872775 455.0 606.9802303205599 552.268050859363 905.883546599672 520.0 854.1808941904519 1009.7153064106734 176.13914953808538 211.482859825566 561.4712815451918 290.25850547399983 350.891721190455 256.56383221335 416.20307543313515 180.06943105369106 275.0 142.30249470757707 275.0 614.3695956018657 674.258852370512 578.7054518492115 401.9950248448356 439.31765272977594 281.1138559374119 151.16216457830973 734.0980860893181 0.0 21.213203435596427 33.54101966249684 76.15773105863909 115.10864433221339 58.52349955359813 92.19544457292888 441.61634933503086 684.4158092855541 382.39377609997786 80.0 276.1340254296815 161.01242188104618 697.2266489456639 133.41664064126334 105.11898020814318 243.77243486497812 656.2202374203343 1092.62299078868 
121.6552506059644 776.9813382572326 373.6642878306676 275.13632984395207 170.88007490635061 205.54804791094466 754.204879326566 435.4595273960601 589.4276885250641 536.1436374704077 920.3396112305501 535.2102390649865 874.3140168154689 1030.5944886326533 181.1767093199344 228.52789764052878 544.5181356024792 272.9468812791236 330.1893396219811 261.7728022541685 406.3557554655772 165.3027525481654 272.8094573140748 152.97058540778355 290.38767191463205 635.1377803280167 693.9920748827035 597.7039400907443 415.7523301197481 441.1915683691156 268.00186566514793 130.38404810405297 731.7444909256236 21.213203435596427 0.0 15.0 86.31338250816034 120.83045973594572 53.150729063673246 93.00537618869137 421.0997506529777 678.4725491867744 376.46380968162134 96.17692030835673 255.53864678361276 182.00274723201295 718.4184017687743 145.7737973711325 85.44003745317531 251.6445906432324 667.7761601015718 1111.5417221139294 
125.0 785.0 367.6955262170047 270.60118255469615 166.20770138594662 201.30822139197394 761.5773105863908 421.54477816715985 574.6738205277843 521.1765535785354 920.0543462209175 535.8404613315422 881.1923740024082 1039.25454052412 174.64249196572982 243.3105012119288 542.7936993002038 271.15493725912495 317.56889016400834 275.04545078950133 411.40004861448426 166.88319268278636 282.93108701590216 150.74813431681335 291.547594742265 643.5254462723288 700.1785486574121 602.7644647787392 430.7261310856354 453.01765969992823 270.64737205448716 122.98373876248843 720.2256590819297 33.54101966249684 15.0 0.0 85.0 115.43396380615195 43.01162633521314 85.0 408.16663263917104 686.0029154456998 363.59317925395686 111.01801655587259 242.7447218787671 191.44189719076647 729.5546586788408 145.0 81.39410298049853 265.70660511172844 665.0187967268294 1116.3556780883052 
207.9663434308542 857.7004138975334 447.4650824366076 190.3943276465977 87.46427842267951 120.83045973594572 836.3163277133838 460.5702986515739 596.0914359391519 533.6665625650534 835.0598780925833 450.99889135118724 806.9231685854608 971.4036236292307 102.59142264341595 244.1823089414956 627.4153329334564 355.8791929854849 371.24789561693143 322.6840560052511 491.85871955267805 251.24689052802225 349.4638751001311 66.70832032063167 207.18349355100662 575.5432216610669 624.1193796061776 523.9274758971894 443.8468204234429 509.11688245431424 354.29507476113747 202.6079958935481 668.5057965343308 76.15773105863909 86.31338250816034 85.0 0.0 43.01162633521314 55.90169943749474 41.23105625617661 457.73900860643283 760.3453162872775 327.29955698106284 130.38404810405297 297.06901555025894 138.6542462386205 676.0362416320593 60.0 165.6804152578089 305.16389039334257 581.4851674806504 1036.4000192975684 
240.41630560342617 896.9392398596462 462.0876540224809 155.24174696260025 50.99019513592785 86.31338250816034 874.7142390518175 446.0100895719737 571.9484242482009 506.2114182829147 810.38571063414 429.94185653411324 804.3164800002546 974.5896572404204 61.032778078668514 283.7692724732542 650.3076195155644 380.13155617496426 366.23080154459973 365.54753452868476 526.7114959823831 281.4693589007514 390.03204996512784 44.721359549995796 191.3765920900464 580.0 620.1007982578317 516.768807108169 484.2003717470692 551.5886148208644 385.64880396547323 220.90722034374522 625.4998001598402 115.10864433221339 120.83045973594572 115.43396380615195 43.01162633521314 0.0 75.66372975210778 35.35533905932738 449.02672526253934 798.8898547359329 286.40006983239374 173.34935823359717 294.10882339705483 163.783393541592 690.6699645995908 49.49747468305833 191.049731745428 348.1738071710737 550.8402672281684 1026.1700638783027 
166.20770138594662 827.9643712141242 392.23717314910374 230.4886114323222 126.58988901172162 161.94134740701648 804.3941819779653 413.82363393117123 557.8530272392542 499.9249943741561 885.1271095159158 503.0159043211258 862.6992523469578 1026.157882589224 132.85330255586422 265.04716561397146 575.7820768311567 305.0 318.90437438203946 313.8470965295043 453.10043036836765 206.15528128088303 325.5764119219941 115.43396380615195 260.86394921491166 630.1785461280001 680.0 579.7628825649327 458.93899376714546 494.2924235713107 310.4834939252005 148.07092894960846 678.6199230791858 58.52349955359813 53.150729063673246 43.01162633521314 55.90169943749474 75.66372975210778 0.0 42.720018726587654 407.0012284993744 728.8689868556626 324.4225639501667 136.4734406395618 244.1823089414956 186.01075237738274 726.2231062146122 112.80514172678478 115.43396380615195 302.0761493398643 626.4982043070834 1092.0164833920778 
208.92582415776178 869.7413408594534 426.8782027698299 188.2817038376273 85.14693182963201 120.41594578792295 846.5370635713477 421.57442996462675 555.0 492.44289008980525 845.5323766716447 465.29560496527364 836.376111567039 1004.4525872334642 90.13878188659973 282.17902119044925 615.1828996322963 345.3259329966401 336.34060117684277 348.1738071710737 495.8074222921638 248.64633518312712 365.54753452868476 79.05694150420949 226.10838109190027 609.1387362497971 652.5526798657714 550.0909015790027 480.52055106935853 531.5072906367325 353.02266216207704 185.60711193270586 642.0280367709809 92.19544457292888 93.00537618869137 85.0 41.23105625617661 35.35533905932738 42.720018726587654 0.0 421.0997506529777 770.9247693517183 293.47061181658376 161.55494421403512 263.1539473388153 179.2344832893492 714.370352128362 80.62257748298549 157.00318468107582 333.65401241405743 584.8290348469371 1060.3890795363748 
395.37956446938426 896.1724164467461 246.9817807045694 544.5410911951457 479.5049530505394 504.0089284923433 857.5546629807338 64.03124237432849 239.26972228010797 243.97745797511703 1180.0423721205946 836.3163277133838 1248.0785231707177 1423.0425151765494 464.0043103248072 640.7807737440318 442.6341604530766 330.49205739321485 91.92388155425118 601.0407640085654 525.0238089839355 377.69034936042516 545.0229352972221 491.7570538385799 628.0127387243033 1028.992225432243 1063.0380990350252 956.1511386804913 801.6389461596785 712.9691437923524 408.71750635371615 311.4883625434504 704.0063920164362 441.61634933503086 421.0997506529777 408.16663263917104 457.73900860643283 449.02672526253934 407.0012284993744 421.0997506529777 0.0 796.4923100695951 401.9950248448356 512.0790954530364 165.60495161679194 593.000843169721 1133.159300363369 498.52281793314137 359.339672176619 611.8823416311342 896.3537248207317 1453.0829294985197 
565.795899596312 102.59142264341595 550.0909015790027 950.3288904374107 847.6585397434512 881.036321612225 76.15773105863909 855.8621384311845 1035.5916183515585 1031.952033769012 1552.3208431249 1169.6260086027498 1371.3132391981053 1457.4807031312628 859.5929269136642 639.5310782127792 408.0747480548141 492.97565862829373 741.923176616016 476.7074574621211 289.9137802864845 535.0233639758175 415.03011938894264 825.1212032180484 936.37599285757 1120.100441924741 1226.234072271685 1163.4539097016263 570.6356105256664 315.15869018638847 438.91912694709487 628.0326424637497 1386.731769305081 684.4158092855541 678.4725491867744 686.0029154456998 760.3453162872775 798.8898547359329 728.8689868556626 770.9247693517183 796.4923100695951 0.0 1021.7631819555841 650.8648093114268 720.850192481073 768.6676785191374 1092.5429053359871 814.0792344729105 627.1562803639935 509.9019513592785 1329.0033860002013 1645.06838763621 
463.8156961552724 1123.710371937538 556.5968020030299 245.20399670478457 266.6927070618917 260.0480724789169 1094.805918873295 359.02646142032484 389.9358921669048 307.77426793024785 789.2401408950257 484.38104834933415 930.859817588019 1125.27774349269 241.8677324489565 570.087712549569 773.2561024654121 541.1330705103875 367.76351096866586 638.1614215854794 733.2462069455253 488.1085944746312 641.1318117204917 297.6995129320839 354.400902933387 755.7942841805566 751.0326224605693 641.1123146532127 770.6004152607238 815.5519603311612 583.3095233235953 393.7321424522006 365.0 382.39377609997786 376.46380968162134 363.59317925395686 327.29955698106284 286.40006983239374 324.4225639501667 293.47061181658376 401.9950248448356 1021.7631819555841 0.0 455.0 336.7862823809782 437.3213921133975 904.4611655565981 313.2491021535417 399.9062390110962 626.0990336999411 504.23208941914834 1097.2009843232916 
